1.000000008094283989e-07 1.761684736000000000e+09
1.020201341286027420e-07 1.797249920000000000e+09
1.040810855713542108e-07 1.833533184000000000e+09
1.061836627690049053e-07 1.870548992000000000e+09
1.083287097326662212e-07 1.908311936000000000e+09
1.105170995772809963e-07 1.946833280000000000e+09
1.127496835899184804e-07 1.986132736000000000e+09
1.150273785412686477e-07 2.026225152000000000e+09
1.173510939260635792e-07 2.067123456000000000e+09
1.197217319630775945e-07 2.108846720000000000e+09
1.221402821825791407e-07 2.151412224000000000e+09
1.246076759071739661e-07 2.194832640000000000e+09
1.271249244950041327e-07 2.239129600000000000e+09
1.296930029244225122e-07 2.284316160000000000e+09
1.323129734852761700e-07 2.330415104000000000e+09
1.349858839154965170e-07 2.377438976000000000e+09
1.377127819530149372e-07 2.425411840000000000e+09
1.404947589915099648e-07 2.474348032000000000e+09
1.433329355284915493e-07 2.524271872000000000e+09
1.462284611653011090e-07 2.575202816000000000e+09
1.491824709513642747e-07 2.627151616000000000e+09
1.521961581437695880e-07 2.680147968000000000e+09
1.552707159996056168e-07 2.734213632000000000e+09
1.584073959836237073e-07 2.789364480000000000e+09
1.616074495605752322e-07 2.845622528000000000e+09
1.648721281952116170e-07 2.903014912000000000e+09
1.682027561118627733e-07 2.961553920000000000e+09
1.716006720867744000e-07 3.021278976000000000e+09
1.750672440000235319e-07 3.082196736000000000e+09
1.786038397316873364e-07 3.144342784000000000e+09
1.822118708175900512e-07 3.207735296000000000e+09
1.858928070012187187e-07 3.272400128000000000e+09
1.896480743703133108e-07 3.338362368000000000e+09
1.934792299798551697e-07 3.405653504000000000e+09
1.973877872290785935e-07 3.474288384000000000e+09
2.013752740691334292e-07 3.544306432000000000e+09
2.054433057626640353e-07 3.615728128000000000e+09
2.095935557799773369e-07 3.688582912000000000e+09
2.138276102798862768e-07 3.762890496000000000e+09
2.181472300441921590e-07 3.838695424000000000e+09
2.225540885432020674e-07 3.916012544000000000e+09
2.270499756625488010e-07 3.994878976000000000e+09
2.316366958397808665e-07 4.075326208000000000e+09
2.363160680643624786e-07 4.157385728000000000e+09
2.410899695334206829e-07 4.241081088000000000e+09
2.459603210998297811e-07 4.326444544000000000e+09
2.509290145126325000e-07 4.413518336000000000e+09
2.559981452476916611e-07 4.502336512000000000e+09
2.611696632617128491e-07 4.592923648000000000e+09
2.664456058228960012e-07 4.685315584000000000e+09
2.718281848224296541e-07 4.779557888000000000e+09
2.773194957361765761e-07 4.875676160000000000e+09
2.829216922476624199e-07 4.973708800000000000e+09
2.886371026634013313e-07 5.073693184000000000e+09
2.944679388745819000e-07 5.175677440000000000e+09
3.004166164992125186e-07 5.279681536000000000e+09
3.064854056361445020e-07 5.385755648000000000e+09
3.126768383187121698e-07 5.493949440000000000e+09
3.189933010610925521e-07 5.604284928000000000e+09
3.254374132081140036e-07 5.716814336000000000e+09
3.320116776892794284e-07 5.831570432000000000e+09
3.387187720570801712e-07 5.948619264000000000e+09
3.455613738640074176e-07 6.067969536000000000e+09
3.525421315587212028e-07 6.189691392000000000e+09
3.596639555243642487e-07 6.313819136000000000e+09
3.669296397287535625e-07 6.440399360000000000e+09
3.743421236588633876e-07 6.569491968000000000e+09
3.819043176978363934e-07 6.701120512000000000e+09
3.896193359556354227e-07 6.835347968000000000e+09
3.974901761268974446e-07 6.972210688000000000e+09
4.055200105292480271e-07 7.111773696000000000e+09
4.137120405841443659e-07 7.254074368000000000e+09
4.220695550245375856e-07 7.399180288000000000e+09
4.305959298948733222e-07 7.547130368000000000e+09
4.392945703434287334e-07 7.697980928000000000e+09
4.481689106223120745e-07 7.851786240000000000e+09
4.572225013989575810e-07 8.008604672000000000e+09
4.664589806522937349e-07 8.168492032000000000e+09
4.758821027765746807e-07 8.331491328000000000e+09
4.854955639583916788e-07 8.497679360000000000e+09
4.953032059034931202e-07 8.667099136000000000e+09
5.053090449406161543e-07 8.839829504000000000e+09
5.155169809831719505e-07 9.015916544000000000e+09
5.259310885675602773e-07 9.195422720000000000e+09
5.365555586455069894e-07 9.378396160000000000e+09
5.473946985840630741e-07 9.564937216000000000e+09
5.584528157502799423e-07 9.755077632000000000e+09
5.697343339265345615e-07 9.948882944000000000e+09
5.812437351028667300e-07 1.014642176000000000e+10
5.929856176846421205e-07 1.034776678400000000e+10
6.049647547002146871e-07 1.055298662400000000e+10
6.171858027626129337e-07 1.076215091200000000e+10
6.296537677308423507e-07 1.097531596800000000e+10
6.423737136715713659e-07 1.119255244800000000e+10
6.553504718208169763e-07 1.141393715200000000e+10
6.685894554912244907e-07 1.163954585600000000e+10
6.820958451647884225e-07 1.186943180800000000e+10
6.958750541541538685e-07 1.210369740800000000e+10
7.099326703949551604e-07 1.234239692800000000e+10
7.242742236151633748e-07 1.258561331200000000e+10
7.389056509963899361e-07 1.283340185600000000e+10
7.538324822666058153e-07 1.308589363200000000e+10
7.690608874380738670e-07 1.334312448000000000e+10
7.845969201077310721e-07 1.360517734400000000e+10
8.004468084955026928e-07 1.387214028800000000e+10
8.166168972366400774e-07 1.414409830400000000e+10
8.331137055893828558e-07 1.442111078400000000e+10
8.499436363966453133e-07 1.470332825600000000e+10
8.671136163703067918e-07 1.499075174400000000e+10
8.846306886375732488e-07 1.528350105600000000e+10
9.025013724566842081e-07 1.558167142400000000e+10
9.207330602008221905e-07 1.588532736000000000e+10
9.393331442431700342e-07 1.619455795200000000e+10
9.583089005415844918e-07 1.650946662400000000e+10
9.776680125075622397e-07 1.683007795200000000e+10
9.974182217602632089e-07 1.715655577600000000e+10
1.017567386334172993e-06 1.748893081600000000e+10
1.038123655302090917e-06 1.782730547200000000e+10
1.059095061321491069e-06 1.817177702400000000e+10
1.080490102711150607e-06 1.852244377600000000e+10
1.102317510620497592e-06 1.887937331200000000e+10
1.124585783368308761e-06 1.924267212800000000e+10
1.147304117765315247e-06 1.961239347200000000e+10
1.170481244960945534e-06 1.998868684800000000e+10
1.194126478181256205e-06 2.037158092800000000e+10
1.218249479898281256e-06 2.076117401600000000e+10
1.242859679753402931e-06 2.115761356800000000e+10
1.267967089464632849e-06 2.156096512000000000e+10
1.293581720749981777e-06 2.197129216000000000e+10
1.319713701742786573e-06 2.238870323200000000e+10
1.346373626237686739e-06 2.281330483200000000e+10
1.373572204444647654e-06 2.324520345600000000e+10
1.401320146573634910e-06 2.368446668800000000e+10
1.429628628495916109e-06 2.413115596800000000e+10
1.458509058913411451e-06 2.458537984000000000e+10
1.487973195774017276e-06 2.504729600000000000e+10
1.518032331364327697e-06 2.551686553600000000e+10
1.548698572878216252e-06 2.599424819200000000e+10
1.579984260340208651e-06 2.647944806400000000e+10
1.611902083020806954e-06 2.697262489600000000e+10
1.644464730190513646e-06 2.747383398400000000e+10
1.677685007535156875e-06 2.798313267200000000e+10
1.711576419232518972e-06 2.850061926400000000e+10
1.746152469460382483e-06 2.902634291200000000e+10
1.781427011642506725e-06 2.956041625600000000e+10
1.817414248448628430e-06 3.010282496000000000e+10
1.854128498963809778e-06 3.065372057600000000e+10
1.891584198688439246e-06 3.121320960000000000e+10
1.929797180106812625e-06 3.178121216000000000e+10
1.968781762303993577e-06 3.235789209600000000e+10
2.008553661348951384e-06 3.294333542400000000e+10
2.049129058971960728e-06 3.353751142400000000e+10
2.090524253318621108e-06 3.414058598400000000e+10
2.132755775365182924e-06 3.475251200000000000e+10
2.175839923257245248e-06 3.537338368000000000e+10
2.219794857785619872e-06 3.600322150400000000e+10
2.264637808418511168e-06 3.664217702400000000e+10
2.310386470285427429e-06 3.729018880000000000e+10
2.357059237007830922e-06 3.794727731200000000e+10
2.404674967868486138e-06 3.861359001600000000e+10
2.453252522150158842e-06 3.928897536000000000e+10
2.502811923288870571e-06 3.997358489600000000e+10
2.553372263398037991e-06 4.066732851200000000e+10
2.604953798744334387e-06 4.137027174400000000e+10
2.657577251255736967e-06 4.208231628800000000e+10
2.711263808521524316e-06 4.280351539200000000e+10
2.766034890961627191e-06 4.353382809600000000e+10
2.821912384657278999e-06 4.427322982400000000e+10
2.878918874181667966e-06 4.502166732800000000e+10
2.937076711277329724e-06 4.577918156800000000e+10
2.996409644670709971e-06 4.654561689600000000e+10
3.056940957426950484e-06 4.732100608000000000e+10
3.118695329595100987e-06 4.810518118400000000e+10
3.181697906885516397e-06 4.889824870400000000e+10
3.245972438024639869e-06 4.970003251200000000e+10
3.311545232876083364e-06 5.051043430400000000e+10
3.378442834134107205e-06 5.132944179200000000e+10
3.446692017323626850e-06 5.215686246400000000e+10
3.516319790800205270e-06 5.299256524800000000e+10
3.587353861411361950e-06 5.383662387200000000e+10
3.659823332988525170e-06 5.468881305600000000e+10
3.733756378040515797e-06 5.554896896000000000e+10
3.809183264552018732e-06 5.641696051200000000e+10
3.886133562015764483e-06 5.729272217600000000e+10
3.964638935400346323e-06 5.817597542400000000e+10
4.044729419859797408e-06 5.906642124800000000e+10
4.126439474330527332e-06 5.996408832000000000e+10
4.209799366797221845e-06 6.086855475200000000e+10
4.294842624873684394e-06 6.177970585600000000e+10
4.381604173157628917e-06 6.269708288000000000e+10
4.470118470585465007e-06 6.362068582400000000e+10
4.560420441754905754e-06 6.455012966400000000e+10
4.652547339570178339e-06 6.548502937600000000e+10
4.746534554290299349e-06 6.642511052800000000e+10
4.842421201464706563e-06 6.737020518400000000e+10
4.940244533997628011e-06 6.831988326400000000e+10
5.040043667438500625e-06 6.927383756800000000e+10
5.141859114320674367e-06 7.023159705600000000e+10
5.245731852838796767e-06 7.119282176000000000e+10
5.351703792510124040e-06 7.215702016000000000e+10
5.459814980206700958e-06 7.312393830400000000e+10
5.570110585074902281e-06 7.409309286400000000e+10
5.682633913615893019e-06 7.506391859200000000e+10
5.797431066298654925e-06 7.603600588800000000e+10
5.914546746608259264e-06 7.700878131200000000e+10
6.034028451997595734e-06 7.798166323200000000e+10
6.155923679919554883e-06 7.895432396800000000e+10
6.280281324810935206e-06 7.992600985600000000e+10
6.407151212431138803e-06 8.089638502400000000e+10
6.536584565523480801e-06 8.186448281600000000e+10
6.668631675508667644e-06 8.282979532800000000e+10
6.803347024759129616e-06 8.379194572800000000e+10
6.940783698663390750e-06 8.474974617600000000e+10
7.080996645255188214e-06 8.570295910400000000e+10
7.224041743890861089e-06 8.665053593600000000e+10
7.369977667894567738e-06 8.759205068800000000e+10
7.518860762283953278e-06 8.852640563200000000e+10
7.670751097367083172e-06 8.945298636800000000e+10
7.825713865726353720e-06 9.037080985600000000e+10
7.983804015395500398e-06 9.127923712000000000e+10
8.145087670279529883e-06 9.217711308800000000e+10
8.309629091638229791e-06 9.306375782400000000e+10
8.477495334699212097e-06 9.393833574400000000e+10
8.648751592044873101e-06 9.479959347200000000e+10
8.823467712870638983e-06 9.564686745600000000e+10
9.001712615049330623e-06 9.647906816000000000e+10
9.183559873066797087e-06 9.729531904000000000e+10
9.369079336118462862e-06 9.809433395200000000e+10
9.558347372657994602e-06 9.887520358400000000e+10
9.751439419816453665e-06 9.963643699200000000e+10
9.948430914724899716e-06 1.003771002880000000e+11
1.014940195112742060e-05 1.010957025280000000e+11
1.035443355409071117e-05 1.017912934400000000e+11
1.056360674868146456e-05 1.024623493120000000e+11
1.077700628525680021e-05 1.031085015040000000e+11
1.099471505152862015e-05 1.037282918400000000e+11
1.121682245446707201e-05 1.043211304960000000e+11
1.144341790104230170e-05 1.048863703040000000e+11
1.167458986690184813e-05 1.054226759680000000e+11
1.191043148430627843e-05 1.059291955200000000e+11
1.215103867948398067e-05 1.064034549760000000e+11
1.239650551601812388e-05 1.068429148160000000e+11
1.264693071410491204e-05 1.072447406080000000e+11
1.290241578790837010e-05 1.076063846400000000e+11
1.316306783952814297e-05 1.079251681280000000e+11
1.342898000122480452e-05 1.081986908160000000e+11
1.370026216906582232e-05 1.084290334720000000e+11
1.397702610176387792e-05 1.086196776960000000e+11
1.425937983274123336e-05 1.087745474560000000e+11
1.454743791467838439e-05 1.088978534400000000e+11
1.484131676290103905e-05 1.089934376960000000e+11
1.514112999876709627e-05 1.090653962240000000e+11
1.544700148818311156e-05 1.091117957120000000e+11
1.575904950911999846e-05 1.091259514880000000e+11
1.607740537806516673e-05 1.091001303040000000e+11
1.640218923563474052e-05 1.090271232000000000e+11
1.673353519228394718e-05 1.088993116160000000e+11
1.707157363317757931e-05 1.087094210560000000e+11
1.741644239406127528e-05 1.084526264320000000e+11
1.776827931068067346e-05 1.081266831360000000e+11
1.812722035613620840e-05 1.077306245120000000e+11
1.849341454204478884e-05 1.072635494400000000e+11
1.886700529208768833e-05 1.067245895680000000e+11
1.924814534317223678e-05 1.061130240000000000e+11
1.963698370691534633e-05 1.054293114880000000e+11
2.003367498286955748e-05 1.046787112960000000e+11
2.043838122116826332e-05 1.038672691200000000e+11
2.085126447194484336e-05 1.030009978880000000e+11
2.127248678533269407e-05 1.020860579840000000e+11
2.170222883791731448e-05 1.011284951040000000e+11
2.214064336660603790e-05 1.001336832000000000e+11
2.258791291062957736e-05 9.910365388800000000e+10
2.304422000921864589e-05 9.803896422400000000e+10
2.350974347631353193e-05 9.693985996800000000e+10
2.398467143908058707e-05 9.580680806400000000e+10
2.446919202468615274e-05 9.464024268800000000e+10
2.496350267352264368e-05 9.344082739200000000e+10
2.546779896333724709e-05 9.220717772800000000e+10
2.598228205981278197e-05 9.093672960000000000e+10
2.650715871656772620e-05 8.962615705600000000e+10
2.704263941251095176e-05 8.827350220800000000e+10
2.758893462655134419e-05 8.687626649600000000e+10
2.814626787611426996e-05 8.543302451200000000e+10
2.871485895333467098e-05 8.394855219200000000e+10
2.929493696357353874e-05 8.244096204800000000e+10
2.988673473748229271e-05 8.092848947200000000e+10
3.049048510571236592e-05 7.942800998400000000e+10
3.110643393743164523e-05 7.795548979200000000e+10
3.173482523916282386e-05 7.652574822400000000e+10
3.237591046800943062e-05 7.514815692800000000e+10
3.302994853165586045e-05 7.381381120000000000e+10
3.369719647514126380e-05 7.250993152000000000e+10
3.437792251937608180e-05 7.122474598400000000e+10
3.507240233585159797e-05 6.994699059200000000e+10
3.578091159605909584e-05 6.866660966400000000e+10
3.650375204852281406e-05 6.737496064000000000e+10
3.724117328770107426e-05 6.607370240000000000e+10
3.799349568857023459e-05 6.476940083200000000e+10
3.876101354907367778e-05 6.346833510400000000e+10
3.954403606831651197e-05 6.217631744000000000e+10
4.034287989598464704e-05 6.089851289600000000e+10
4.115785795647359879e-05 5.964026675200000000e+10
4.198930180063099573e-05 5.841090969600000000e+10
4.283754297930445962e-05 5.722370048000000000e+10
4.370291676863203342e-05 5.609142681600000000e+10
4.458577334591344485e-05 5.502541004800000000e+10
4.548646661373885637e-05 5.403630387200000000e+10
4.640535047469843724e-05 5.313406156800000000e+10
4.734280118312487708e-05 5.232006348800000000e+10
4.829918754277001637e-05 5.158068633600000000e+10
4.927489325854740744e-05 5.090105753600000000e+10
5.027031321124185946e-05 5.026727526400000000e+10
5.128583855634775361e-05 4.966639616000000000e+10
5.232188280110201177e-05 4.908570214400000000e+10
5.337885200216070669e-05 4.851401932800000000e+10
5.445717829321287978e-05 4.794268876800000000e+10
5.555728263207630887e-05 4.736434995200000000e+10
5.667961577889212103e-05 4.677192908800000000e+10
5.782461731793022038e-05 4.615865139200000000e+10
5.899274918520300433e-05 4.551815168000000000e+10
6.018448076730376013e-05 4.484520345600000000e+10
6.140031870372995306e-05 4.413941760000000000e+10
6.264068395229936096e-05 4.340291584000000000e+10
6.390611295483287287e-05 4.263810252800000000e+10
6.519709744966624898e-05 4.184723865600000000e+10
6.651416642803955627e-05 4.103259750400000000e+10
6.785783398003110921e-05 4.019231539200000000e+10
6.922865889920433078e-05 3.931551334400000000e+10
7.062717017679922020e-05 3.839136563200000000e+10
7.205392660637922756e-05 3.741051699200000000e+10
7.350950933325026235e-05 3.636520960000000000e+10
7.499449950271828828e-05 3.525665177600000000e+10
7.650949316125092671e-05 3.410198937600000000e+10
7.805508635531581256e-05 3.291920998400000000e+10
7.963189748312314857e-05 3.172446617600000000e+10
8.124056729462561044e-05 3.053269606400000000e+10
8.288173653977591452e-05 2.935891763200000000e+10
8.455605341910763309e-05 2.821740134400000000e+10
8.626419593547768089e-05 2.712036761600000000e+10
8.800684954232385569e-05 2.607797043200000000e+10
8.978470714366474346e-05 2.509841408000000000e+10
9.159847654468072334e-05 2.418838937600000000e+10
9.344888045171375083e-05 2.335332352000000000e+10
9.533667882401010180e-05 2.259733299200000000e+10
9.726260181849261479e-05 2.191988940800000000e+10
9.922743919673090811e-05 2.131822592000000000e+10
1.012320105226179561e-04 2.078990336000000000e+10
1.032770236013340971e-04 2.033027891200000000e+10
1.053633576014191125e-04 1.992846540800000000e+10
1.074918320867659899e-04 1.957334016000000000e+10
1.096633187753336141e-04 1.925390336000000000e+10
1.118786595827575813e-04 1.895348428800000000e+10
1.141387560293201321e-04 1.865348300800000000e+10
1.164445096353035884e-04 1.833670451200000000e+10
1.187968368221519838e-04 1.798893363200000000e+10
1.211966912642134422e-04 1.759841894400000000e+10
1.236450340864171194e-04 1.715560448000000000e+10
1.261428189631111526e-04 1.665867059200000000e+10
1.286910815250331215e-04 1.611002265600000000e+10
1.312908126994354432e-04 1.551462092800000000e+10
1.339430555676365125e-04 1.488448000000000000e+10
1.366488830132780129e-04 1.423269990400000000e+10
1.394093679200017358e-04 1.357648281600000000e+10
1.422256278749345001e-04 1.293807718400000000e+10
1.450987655640413859e-04 1.233651404800000000e+10
1.480299581790960322e-04 1.178713088000000000e+10
1.510203531095486004e-04 1.130217472000000000e+10
1.540711722506577571e-04 1.088496128000000000e+10
1.571836076953587720e-04 1.053150924800000000e+10
1.603589260423953660e-04 1.023566233600000000e+10
1.635983789893496023e-04 9.986603008000000000e+09
1.669032778384502559e-04 9.772471296000000000e+09
1.702750382000579497e-04 9.576638464000000000e+09
1.737148074636228720e-04 9.382135808000000000e+09
1.772240906464758628e-04 9.171041280000000000e+09
1.808042437543307514e-04 8.928333824000000000e+09
1.844567271010332421e-04 8.648306688000000000e+09
1.881830010004290933e-04 8.331046400000000000e+09
1.919845406675256127e-04 7.985297920000000000e+09
1.958628809219770367e-04 7.623288320000000000e+09
1.998195714845992052e-04 7.260913152000000000e+09
2.038561918785313279e-04 6.915340800000000000e+09
2.079743663303977228e-04 6.603637760000000000e+09
2.121757041656610501e-04 6.331776000000000000e+09
2.164619339190773943e-04 6.099799040000000000e+09
2.208347692242412634e-04 5.906650112000000000e+09
2.252959237147470026e-04 5.741630976000000000e+09
2.298472004311593372e-04 5.590309376000000000e+09
2.344904024140428294e-04 5.439977472000000000e+09
2.392274221109321776e-04 5.280657920000000000e+09
2.440601370682004764e-04 5.104287744000000000e+09
2.489904546345441359e-04 4.906217984000000000e+09
2.540204013679531257e-04 4.695192576000000000e+09
2.591519442217707033e-04 4.483431936000000000e+09
2.643871693586334962e-04 4.281001728000000000e+09
2.697281331388549246e-04 4.094969344000000000e+09
2.751770111320418332e-04 3.930761984000000000e+09
2.807360683147711749e-04 3.790522880000000000e+09
2.864073014427096311e-04 3.666242816000000000e+09
2.921931245040510568e-04 3.548419072000000000e+09
2.980958024753725677e-04 3.429641984000000000e+09
3.041175705309276389e-04 3.306626048000000000e+09
3.102613194960844177e-04 3.177271296000000000e+09
3.165288375102457818e-04 3.042275328000000000e+09
3.229232836196902585e-04 2.908934912000000000e+09
3.294466247777609429e-04 2.784591104000000000e+09
3.361020200307364165e-04 2.672949760000000000e+09
3.428915853435766221e-04 2.571315968000000000e+09
3.498185989718537278e-04 2.476472832000000000e+09
3.568852364851745240e-04 2.385524224000000000e+09
3.640949847553746573e-04 2.295676928000000000e+09
3.714503471776182540e-04 2.204562176000000000e+09
3.789539463563629728e-04 2.112216064000000000e+09
3.866095075820314168e-04 2.022229120000000000e+09
3.944193256335240170e-04 1.937971456000000000e+09
4.023873046152037563e-04 1.860425984000000000e+09
4.105158585152645983e-04 1.787707776000000000e+09
4.188090404496865363e-04 1.717972864000000000e+09
4.272693538136335340e-04 1.650265472000000000e+09
4.359009411300556933e-04 1.584543488000000000e+09
4.447064846080574121e-04 1.520826624000000000e+09
4.536903949914991184e-04 1.459126400000000000e+09
4.628553246871618403e-04 1.399446144000000000e+09
4.722058036481997009e-04 1.341774208000000000e+09
4.817447823046273154e-04 1.286106112000000000e+09
4.914769098188923394e-04 1.232420608000000000e+09
5.014051366210096590e-04 1.180696960000000000e+09
5.115344098966604627e-04 1.130907008000000000e+09
5.218678290874765929e-04 1.083020160000000000e+09
5.324105201930797804e-04 1.036998976000000000e+09
5.431656422597482816e-04 9.928101760000000000e+08
5.541385597056908922e-04 9.504066560000000000e+08
5.653326103911264109e-04 9.097515520000000000e+08
5.767533971528505899e-04 8.707940480000000000e+08
5.884043174557290756e-04 8.334905600000000000e+08
6.002910933458510982e-04 7.977728000000000000e+08
6.124180759624303465e-04 7.635697280000000000e+08
6.247894376307402920e-04 7.308149120000000000e+08
6.374112580247508165e-04 6.994397440000000000e+08
6.502875306557951741e-04 6.693874560000000000e+08
6.634245140117833554e-04 6.405946240000000000e+08
6.768262612086954622e-04 6.130097280000000000e+08
6.904993883623221362e-04 5.865769600000000000e+08
7.044480677979368492e-04 5.612487040000000000e+08
7.186791540499176331e-04 5.369740800000000000e+08
7.331970578621244822e-04 5.137111680000000000e+08
7.480089913968164051e-04 4.914129600000000000e+08
7.631193653978535045e-04 4.700413760000000000e+08
7.785358092600215291e-04 4.495538240000000000e+08
7.942628529364747104e-04 4.299165760000000000e+08
8.103084238452326008e-04 4.110900480000000000e+08
8.266773499626826937e-04 3.930444800000000000e+08
8.433776183114917143e-04 3.757473600000000000e+08
8.604146529145150889e-04 3.591730880000000000e+08
8.777965600037124791e-04 3.432919360000000000e+08
8.955287039972926804e-04 3.280798080000000000e+08
9.136200255922703522e-04 3.135088960000000000e+08
9.320760084161475514e-04 2.995559360000000000e+08
9.509055931659390459e-04 2.861955840000000000e+08
9.701146807016742830e-04 2.734065920000000000e+08
9.897126885575417265e-04 2.611642080000000000e+08
1.009706769291153321e-03 2.494486080000000000e+08
1.030103598622946664e-03 2.382385280000000000e+08
1.050913607366105000e-03 2.275127040000000000e+08
1.072142875194598321e-03 2.172532160000000000e+08
1.093802130944844433e-03 2.074401280000000000e+08
1.115897811918693545e-03 1.980559520000000000e+08
1.138441004580443465e-03 1.890822240000000000e+08
1.161438503859825487e-03 1.805030240000000000e+08
1.184901515430431115e-03 1.723005920000000000e+08
1.208837549477752727e-03 1.644599200000000000e+08
1.233258288512555523e-03 1.569646880000000000e+08
1.258171242720332317e-03 1.498013280000000000e+08
1.283588452239728958e-03 1.429542400000000000e+08
1.309518023302705435e-03 1.364112640000000000e+08
1.335972711303669118e-03 1.301585840000000000e+08
1.362960503265286298e-03 1.241842000000000000e+08
1.390494750628432172e-03 1.184754720000000000e+08
1.418583917252946728e-03 1.130218480000000000e+08
1.447241831416879723e-03 1.078114560000000000e+08
1.476477314607951797e-03 1.028345680000000000e+08
1.506304791150679667e-03 9.808052800000000000e+07
1.536733440160665274e-03 9.354002400000000000e+07
1.567778282008892724e-03 8.920340800000000000e+07
1.599448615020257437e-03 8.506232800000000000e+07
1.631760413240091996e-03 8.110792000000000000e+07
1.664723213411878127e-03 7.733218400000000000e+07
1.698353704836710150e-03 7.372729600000000000e+07
1.732663450816059785e-03 7.028576800000000000e+07
1.767664849116454186e-03 6.700078000000000000e+07
1.803374827457574197e-03 6.386495600000000000e+07
1.839804472303717842e-03 6.087228800000000000e+07
1.876971903467500964e-03 5.801609200000000000e+07
1.914888326622515716e-03 5.529054800000000000e+07
1.953572457627845115e-03 5.268972000000000000e+07
1.993036336622136095e-03 5.020827200000000000e+07
2.033299275510939280e-03 4.784076400000000000e+07
2.074373552851488563e-03 4.558219600000000000e+07
2.116279672642270866e-03 4.342769200000000000e+07
2.159030271068399214e-03 4.137265200000000000e+07
2.202646567384122268e-03 3.941261200000000000e+07
2.247141913030314356e-03 3.754326800000000000e+07
2.292538242516985007e-03 3.576054800000000000e+07
2.338849384122182896e-03 3.406066000000000000e+07
2.386098464448852766e-03 3.243972400000000000e+07
2.434299550193631118e-03 3.089427000000000000e+07
2.483476721633809652e-03 2.942076200000000000e+07
2.533645237558960085e-03 2.801609200000000000e+07
2.584829416664961941e-03 2.667700800000000000e+07
2.637045232997148238e-03 2.540062400000000000e+07
2.690318197344333286e-03 2.418392400000000000e+07
2.744664760589024446e-03 2.302440800000000000e+07
2.800111864031558200e-03 2.191923000000000000e+07
2.856679296414660601e-03 2.086606400000000000e+07
2.914386608062469446e-03 1.986251600000000000e+07
2.973262409205432080e-03 1.890622600000000000e+07
3.033324819656163691e-03 1.799512000000000000e+07
3.094603641738046841e-03 1.712700400000000000e+07
3.157116995263697587e-03 1.629999000000000000e+07
3.220896589905194139e-03 1.551211100000000000e+07
3.285961260730912992e-03 1.476164100000000000e+07
3.352343671087281915e-03 1.404675400000000000e+07
3.420063609717025662e-03 1.336587600000000000e+07
3.489155408896679831e-03 1.271734600000000000e+07
3.559639095787557432e-03 1.209975500000000000e+07
3.631550433177716669e-03 1.151158300000000000e+07
3.704910640321404901e-03 1.095152400000000000e+07
3.779756672099615546e-03 1.041819300000000000e+07
3.856110463022358135e-03 9.910420000000000000e+06
3.934011352156496950e-03 9.426930000000000000e+06
4.013481750849213700e-03 8.966650000000000000e+06
4.094560759748787013e-03 8.528436000000000000e+06
4.177274843318378589e-03 8.111299000000000000e+06
4.261663102206265756e-03 7.714211500000000000e+06
4.347752239294198906e-03 7.336255500000000000e+06
4.435584693090673623e-03 6.976497000000000000e+06
4.525187166477439432e-03 6.634115000000000000e+06
4.616604482148863216e-03 6.308248000000000000e+06
4.709868111358435361e-03 5.998136000000000000e+06
4.805011432708344507e-03 5.703039500000000000e+06
4.902080699404478409e-03 5.422224000000000000e+06
5.001106905863155275e-03 5.155039000000000000e+06
5.102138689476132423e-03 4.900805000000000000e+06
5.205206090985379369e-03 4.658922000000000000e+06
5.310360608805700378e-03 4.428800000000000000e+06
5.417634191027760615e-03 4.209876500000000000e+06
5.527080720252234777e-03 4.001607000000000000e+06
5.638732144569787164e-03 3.803502500000000000e+06
5.752644730766962033e-03 3.615054000000000000e+06
5.868852811120296720e-03 3.435817750000000000e+06
5.987414082927859822e-03 3.265331000000000000e+06
6.108364785814879121e-03 3.103191750000000000e+06
6.231765001265295381e-03 2.948985250000000000e+06
6.357651922578689413e-03 2.802345500000000000e+06
6.486088015424867209e-03 2.662890500000000000e+06
6.617112380452107832e-03 2.530284000000000000e+06
6.750789867516089442e-03 2.404188750000000000e+06
6.887161961450959796e-03 2.284295000000000000e+06
7.026294465786744013e-03 2.170301750000000000e+06
7.168231249543461150e-03 2.061922000000000000e+06
7.313042884622881525e-03 1.958880000000000000e+06
7.460772763207845944e-03 1.860927000000000000e+06
7.611493841385994288e-03 1.767804750000000000e+06
7.765251418688867355e-03 1.679287875000000000e+06
7.922124173250192844e-03 1.595142250000000000e+06
8.082165987670643717e-03 1.515161000000000000e+06
8.245432175062418143e-03 1.439143500000000000e+06
8.412004751419462079e-03 1.366890250000000000e+06
8.581933307807883271e-03 1.298222375000000000e+06
8.755304628593370275e-03 1.232961875000000000e+06
8.932169258516376928e-03 1.170944125000000000e+06
9.112614935616937875e-03 1.112005375000000000e+06
9.296697926681602581e-03 1.056001125000000000e+06
9.484506923424751781e-03 1.002783062500000000e+06
9.676102007330324509e-03 9.522159375000000000e+05
9.871577592158793657e-03 9.041695625000000000e+05
1.007099185204539914e-02 8.585211875000000000e+05
1.027444396912235818e-02 8.151479375000000000e+05
1.048199593222230545e-02 7.739452500000000000e+05
1.069375073817484430e-02 7.347986875000000000e+05
1.090977323683565807e-02 6.976120625000000000e+05
1.113017119340609269e-02 6.622860000000000000e+05
1.135500945774182632e-02 6.287295625000000000e+05
1.158440151709029878e-02 5.968540625000000000e+05
1.181841603600458299e-02 5.665793750000000000e+05
1.205716936275515530e-02 5.378219375000000000e+05
1.230073493026683645e-02 5.105095312500000000e+05
1.254923099415880018e-02 4.845692812500000000e+05
1.280273575572760114e-02 4.599340312500000000e+05
1.306137414631285652e-02 4.365370312500000000e+05
1.332523771865199748e-02 4.143184062500000000e+05
1.359441897915679431e-02 3.932201562500000000e+05
1.386905048856165550e-02 3.731840937500000000e+05
1.414921712388357046e-02 3.541595937500000000e+05
1.443505621422868333e-02 3.360946875000000000e+05
1.472665645131137659e-02 3.189432812500000000e+05
1.502416279363258042e-02 3.026573125000000000e+05
1.532766297923233122e-02 2.871952812500000000e+05
1.563730959600634352e-02 2.725148750000000000e+05
1.595319515036639282e-02 2.585789531250000000e+05
1.627547890592863367e-02 2.453477343750000000e+05
1.660425813747658241e-02 2.327877812500000000e+05
1.693969401597508750e-02 2.208644531250000000e+05
1.728188953825375920e-02 2.095462500000000000e+05
1.763101445834657985e-02 1.988023906250000000e+05
1.798717749512924319e-02 1.886046718750000000e+05
1.835055030998443068e-02 1.789249375000000000e+05
1.872124543648523085e-02 1.697375000000000000e+05
1.909944788745519817e-02 1.610174531250000000e+05
1.948527401116481594e-02 1.527416875000000000e+05
1.987891072778633084e-02 1.448867656250000000e+05
2.028048201498501915e-02 1.374329531250000000e+05
2.069018432967660928e-02 1.303586406250000000e+05
2.110814355687506277e-02 1.236453828125000000e+05
2.153456569023960016e-02 1.172747187500000000e+05
2.196960331766593250e-02 1.112293281250000000e+05
2.241340711970107868e-02 1.054931640625000000e+05
2.286619834879382446e-02 1.000499453125000000e+05
2.332811624139901480e-02 9.488542187500000000e+04
2.379938395731412068e-02 8.998489843750000000e+04
2.428015408443487400e-02 8.533553125000000000e+04
2.477065550460482921e-02 8.092422656250000000e+04
2.527104462041711297e-02 7.673905468750000000e+04
2.578156366515615278e-02 7.276837500000000000e+04
2.630237285611245965e-02 6.900159375000000000e+04
2.683372777801135492e-02 6.542802343750000000e+04
2.737579437018943310e-02 6.203806250000000000e+04
2.792883393941809900e-02 5.882216406250000000e+04
2.849301814708002714e-02 5.577169140625000000e+04
2.906862928078229880e-02 5.287800781250000000e+04
2.965584090925629107e-02 5.013331640625000000e+04
3.025494104215515831e-02 4.752976953125000000e+04
3.086611659965115412e-02 4.506044531250000000e+04
3.148966894283831974e-02 4.271827343750000000e+04
3.212578308454019926e-02 4.049695312500000000e+04
3.277478518138389474e-02 3.839007812500000000e+04
3.343686406089033808e-02 3.639201562500000000e+04
3.411234778703533393e-02 3.449702343750000000e+04
3.480144235347808201e-02 3.269996093750000000e+04
3.550449871237873478e-02 3.099568164062500000e+04
3.622171904269911452e-02 2.937958398437500000e+04
3.695346192599414936e-02 2.784698046875000000e+04
3.769998676168655194e-02 2.639364453125000000e+04
3.846156057859382443e-02 2.501560937500000000e+04
3.923855340236308276e-02 2.370889257812500000e+04
4.003120174423267091e-02 2.246991796875000000e+04
4.083990614742884911e-02 2.129510156250000000e+04
4.166490693788735961e-02 2.018124218750000000e+04
4.250661228822925908e-02 1.912512109375000000e+04
4.336528159787723241e-02 1.812386718750000000e+04
4.424134211293931362e-02 1.717454101562500000e+04
4.513504941814080323e-02 1.627456933593750000e+04
4.604686127716885874e-02 1.542134570312500000e+04
4.697704853353835974e-02 1.461249023437500000e+04
4.792606513623906550e-02 1.384567773437500000e+04
4.889421244636501379e-02 1.311880371093750000e+04
4.988196730109031862e-02 1.242972265625000000e+04
5.088962343211420741e-02 1.177655566406250000e+04
5.191768437949256798e-02 1.115739160156250000e+04
5.296646294841160507e-02 1.057051953125000000e+04
5.403648175241413526e-02 1.001421972656250000e+04
5.512806122608116671e-02 9.486961914062500000e+03
5.624175068583726900e-02 8.987200195312500000e+03
5.737788201035562419e-02 8.513551757812500000e+03
5.853701977485036706e-02 8.064613281250000000e+03
5.971951874617905526e-02 7.639166015625000000e+03
6.092595494364799746e-02 7.235936035156250000e+03
6.215677468685216339e-02 6.853793945312500000e+03
6.341239377780737152e-02 6.491659179687500000e+03
6.469343782688605216e-02 6.148472656250000000e+03
6.600029974791968290e-02 5.823266113281250000e+03
6.733362803946503494e-02 5.515082519531250000e+03
6.869381943005098412e-02 5.223059082031250000e+03
7.008156056520822852e-02 4.946333984375000000e+03
7.149726343225520919e-02 4.684130859375000000e+03
7.294163756490699979e-02 4.435674804687500000e+03
7.441511783866638918e-02 4.200269531250000000e+03
7.591843667543279883e-02 3.977213378906250000e+03
7.745205946828816190e-02 3.765887451171875000e+03
7.901672626852671022e-02 3.565657470703125000e+03
8.061293298680949349e-02 3.375964599609375000e+03
8.224145782140467043e-02 3.196243896484375000e+03
8.390280431236808723e-02 3.025987304687500000e+03
8.559779643433663987e-02 2.864690185546875000e+03
8.732693772736613291e-02 2.711897949218750000e+03
8.909109794246219960e-02 2.567152343750000000e+03
9.089081113725977490e-02 2.430043945312500000e+03
9.272697758034363635e-02 2.300162353515625000e+03
9.460013895874354317e-02 2.177139160156250000e+03
9.651123368801814428e-02 2.060604003906250000e+03
9.846084160217113967e-02 1.950230102539062500e+03
1.004499240049455677e-01 1.845681884765625000e+03
1.024791980594512708e-01 1.746660034179687500e+03
1.045493580406137574e-01 1.652881469726562500e+03
1.066614491755186606e-01 1.564060302734375000e+03
1.088160970745384176e-01 1.479945800781250000e+03
1.110143774823378199e-01 1.400284057617187500e+03
1.132569617856579863e-01 1.324847412109375000e+03
1.155449486173481116e-01 1.253410034179687500e+03
1.178790627699127930e-01 1.185765625000000000e+03
1.202604257643855867e-01 1.121710083007812500e+03
1.226897852814554518e-01 1.061061035156250000e+03
1.251683543948933219e-01 1.003633972167968750e+03
1.276968502678091089e-01 9.492622680664062500e+02
1.302765698973163133e-01 8.977814331054687500e+02
1.329082533347091810e-01 8.490439453125000000e+02
1.355932357240752506e-01 8.028995361328125000e+02
1.383323410400513487e-01 7.592164306640625000e+02
1.411268967973301758e-01 7.178607788085937500e+02
1.439777727469173652e-01 6.787139282226562500e+02
1.468863879562430086e-01 6.416552124023437500e+02
1.498536121763126838e-01 6.065783081054687500e+02
1.528809407685044475e-01 5.733758544921875000e+02
1.559692587426133870e-01 5.419509887695312500e+02
1.591201072363862545e-01 5.122082519531250000e+02
1.623344780711451774e-01 4.840609741210937500e+02
1.656139276434264729e-01 4.574220275878906250e+02
1.689596308800271063e-01 4.322141113281250000e+02
1.723727474489545330e-01 4.083617553710937500e+02
1.758549863346407782e-01 3.857912597656250000e+02
1.794074156523557950e-01 3.644365844726562500e+02
1.830317596453212015e-01 3.442311401367187500e+02
1.867291627227548600e-01 3.251158142089843750e+02
1.905014254218261871e-01 3.070312805175781250e+02
1.943497074105426103e-01 2.899244689941406250e+02
1.982759312963901510e-01 2.737418212890625000e+02
2.022812567473762368e-01 2.584355773925781250e+02
2.063677131825138733e-01 2.439584045410156250e+02
2.105365060461792115e-01 2.302669830322265625e+02
2.147897257925435455e-01 2.173188629150390625e+02
2.191286541599308524e-01 2.050753631591796875e+02
2.235554578964603079e-01 1.934980468750000000e+02
2.280714797756142054e-01 1.825526885986328125e+02
2.326789323218804162e-01 1.722044677734375000e+02
2.373792193438994946e-01 1.624226989746093750e+02
2.421747212128445848e-01 1.531763000488281250e+02
2.470668569961458338e-01 1.444373626708984375e+02
2.520580528413451371e-01 1.361782989501953125e+02
2.571498193686100886e-01 1.283742523193359375e+02
2.623447353133781523e-01 1.210000076293945312e+02
2.676442960370274959e-01 1.140333709716796875e+02
2.730511870865225399e-01 1.074517440795898438e+02
2.785670564111371594e-01 1.012353286743164062e+02
2.841946200754150165e-01 9.536389923095703125e+01
2.899358922395794957e-01 8.981911468505859375e+01
2.957927955111165907e-01 8.458367156982421875e+01
3.017683511303615451e-01 7.964054870605468750e+01
3.078643291169045892e-01 7.497437286376953125e+01
3.140837507110809113e-01 7.056973266601562500e+01
3.204285080027973742e-01 6.641289520263671875e+01
3.269017137851265020e-01 6.249013519287109375e+01
3.335054127358709208e-01 5.878915023803710938e+01
3.402428397184197872e-01 5.529776382446289062e+01
3.471160394105756719e-01 5.200503921508789062e+01
3.541283992636234390e-01 4.889998245239257812e+01
3.612820860256822364e-01 4.597282791137695312e+01
3.685806397359326358e-01 4.321363830566406250e+01
3.760262881776521571e-01 4.061349868774414062e+01
3.836226629427586521e-01 3.816351699829101562e+01
3.913721749200044786e-01 3.585567855834960938e+01
3.992786082892034738e-01 3.368191528320312500e+01
4.073443739391078289e-01 3.163507461547851562e+01
4.155734391550062190e-01 2.970786094665527344e+01
4.239683979311256179e-01 2.789385223388671875e+01
4.325333091054921475e-01 2.618648529052734375e+01
4.412708582250704503e-01 2.457999229431152344e+01
4.501853177509403947e-01 2.306850242614746094e+01
4.592794647828041255e-01 2.164680099487304688e+01
4.685576938520581436e-01 2.030973243713378906e+01
4.780234534451456296e-01 1.905267143249511719e+01
4.876799173902974793e-01 1.787120437622070312e+01
4.975319074650181861e-01 1.676097297668457031e+01
5.075824449096431046e-01 1.571804237365722656e+01
5.178365651247305301e-01 1.473849868774414062e+01
5.282973198681949478e-01 1.381877231597900391e+01
5.389698666109116187e-01 1.295533275604248047e+01
5.498575012514277383e-01 1.214499568939208984e+01
5.609655948836725914e-01 1.138457107543945312e+01
5.722976265116684891e-01 1.067119312286376953e+01
5.838590282645027552e-01 1.000202274322509766e+01
5.956534622516727051e-01 9.374485969543457031e+00
6.076867268132154498e-01 8.786037445068359375e+00
6.199624840586281938e-01 8.234388351440429688e+00
6.324868985388976128e-01 7.717262744903564453e+00
